4594	0	%e8%99%b9%e6%a2%85%e8%b7%af%e4%bc%91%e9%97%b2%e8%a1%97%20%e5%a2%a8%e8%a5%bf%e5%93%a5%e8%8f%9c
4594	0	%e8%99%b9%e6%a2%85%e8%b7%af%e4%bc%91%e9%97%b2%e8%a1%97%20%e5%a2%a8%e8%a5%bf%e5%93%a5%e8%8f%9c
5678	0
6655	0	%e7%8e%8b%e9%bc%8e
7054	0	%e6%90%9c%e7%b4%a2%e5%95%86%e6%88%b7%e5%90%8d%e3%80%81%e5%9c%b0%e5%9d%80%e7%ad%89%20%e4%b8%b0%e6%94%b6%e6%97%a5
8168	0	mr%20pancake
8601	0	%e5%b0%8f%e9%be%99%e8%99%be
8601	0	%e5%b0%8f%e9%be%99%e8%99%be
9644	0	%e5%8f%88%e4%b8%80%e5%9f%8e
9725	0	%e5%ae%89%e5%be%bd%e6%96%99%e7%90%86
14542	0
17034	0	%e5%8d%8e%e8%b4%b8%e8%b4%ad%e7%89%a9%e4%b8%ad%e5%bf%83%e6%90%9c%e7%b4%a2%e5%95%86%e6%88%b7%e3%80%81%e5%9c%b0%e5%9d%80%e7%ad%89%e2%80%a6
17282	0
18039	0	%e8%81%8c%e4%b8%9a%e4%bb%8b%e7%bb%8d%e6%90%9c%e7%b4%a2%e5%95%86%e6%88%b7%e5%90%8d%e3%80%81%e5%9c%b0%e5%9d%80%e3%80%81%e8%8f%9c%e5%90%8d%e7%ad%89
18039	0	%e8%81%8c%e4%b8%9a%e4%bb%8b%e7%bb%8d%e6%90%9c%e7%b4%a2%e5%95%86%e6%88%b7%e5%90%8d%e3%80%81%e5%9c%b0%e5%9d%80%e3%80%81%e8%8f%9c%e5%90%8d%e7%ad%89
18039	0	%e6%90%9c%e7%b4%a2%e5%95%86%e6%88%b7%e5%90%8d%e3%80%81%e5%9c%b0%e5%9d%80%e3%80%81%e8%8f%9c%e5%90%8d%e7%ad%89%e8%81%8c%e4%b8%9a%e4%bb%8b%e7%bb%8d
21712	0	pelham's
21712	0	pelham's
22468	0	%e5%a2%a8%e9%b1%bc%e6%b1%81
23746	0	%e8%8b%8f%e5%b7%9e%e9%98%b3%e6%be%84%e6%b9%96%e6%be%9c%e5%bb%b7%e5%ba%a6%e5%81%87%e9%85%92%e5%ba%97
25044	0	otto%20mezzo%20bombana
25044	0	otto%20e%20mezzo%20bombana
25818	0
25818	0
25818	0
26741	0	home's
26762	0
26861	0	%e5%8f%a4%e8%b1%a1%e8%87%aa%e5%8a%a9%e9%a4%90
27534	0	%e6%9b%b2%e5%9b%ad%e9%85%92%e6%a5%bc
28947	0
29315	0
29372	0	%e6%90%9c%e7%b4%a2%e5%95%86%e6%88%b7%e5%90%8d%e3%80%81%e5%9c%b0%e5%9d%80%e3%80%81%e8%8f%9c%e5%90%8d%e7%ad%89gxg
30650	0
30650	0
31856	0	%e6%90%9c%e7%b4%a2%e5%95%86%e6%88%b7%e5%90%8d%e3%80%81%e5%9c%b0%e5%9d%80%e3%80%81%e8%8f%9c%e5%90%8d%e7%ad%89%e8%9b%8b%e7%b3%95
31989	0
32728	0
33800	0	%e5%90%8c%e4%b9%90%e5%90%8c%e7%a6%8f%e9%85%92%e5%ae%b6
35189	0
35511	0	%e4%b8%89%e8%a7%92
36435	0
39406	0	%e8%87%aa%e5%8a%a9%e9%a4%90
39406	0	%e8%87%aa%e5%8a%a9%e9%a4%90
39406	0	%e8%87%aa%e5%8a%a9%e9%a4%90
40067	0
42415	0	%e5%a4%a7%e6%8e%8c%e6%ab%83
43645	0	%e7%ab%a0%e9%b1%bc%e7%81%ab%e9%94%85
44443	0	%e7%b4%ab%e5%85%89%e5%9b%ad
44443	0	%e7%b4%ab%e5%85%89%e5%9b%ad
44443	0	%e7%b4%ab%e5%85%89%e5%9b%ad
45165	0
46748	0
47438	0	%e8%8a%ad%e5%96%b1%e5%b2%9b%e6%b5%b7%e9%b2%9c%e8%87%aa%e5%8a%a9%e8%b1%86%e6%8d%9e%e5%9d%8a
47702	0
49577	0
52928	0	%e9%94%a1%e7%9b%9f%e7%83%a4%e7%be%8a%e8%85%bf
53053	0	%e9%87%91%e7%94%9f%e9%9a%86
53241	0	%e5%bb%bf
58432	0	charly%20brown
59900	0
60109	0
60109	0
60109	0
60109	0
61028	0	%e5%8d%9c%e8%9c%82%e8%8e%b2%e8%8a%b1
62480	0	%e9%be%99%e9%98%b3
62975	0	%e7%bb%bf%e4%ba%91%e8%bd%a9
62975	0	%e7%bb%bf%e4%ba%91%e8%bd%a9
62975	0	%e7%bb%bf%e6%b3%a2%e5%bb%8a
62975	0	%e7%bb%bf%e6%b3%a2%e5%bb%8a
62975	0	%e7%bb%bf%e6%b3%a2%e5%bb%8a
62975	0	%e7%bb%bf%e4%ba%91%e8%bd%a9
63295	0
64008	0
64008	0
64137	0
65714	0
68396	0	danieli%27s
68702	256	%e7%9c%89%e5%b7%9e
68702	256	%e6%91%a9%e8%a5%bf%e9%95%87
68702	256	%e6%91%a9%e8%a5%bf%e9%95%87
68702	256	%e7%9c%89%e5%b1%b1
68702	256	%e7%9c%89%e5%b1%b1
68702	256	%e7%9c%89%e5%b1%b1
68702	256	%e7%9c%89%e5%b1%b1
68702	256	%e7%9c%89%e5%b1%b1
68702	256	%e6%91%a9%e8%a5%bf
68702	256	%e6%91%a9%e8%a5%bf
69403	0	%e5%8e%9f%e6%b1%81%e7%84%96%e9%94%85
69987	0	%e5%af%8c%e5%a3%ab%e5%92%96%e5%95%a1%e5%b1%8b
69987	0	%e5%af%8c%e5%a3%ab%e5%92%96%e5%95%a1%e5%b1%8b
69987	0	%e5%af%8c%e5%a3%ab%e5%92%96%e5%95%a1%e5%b1%8b
69987	0	%e5%af%8c%e5%a3%ab%e5%92%96%e5%95%a1%e5%b1%8b
69987	0	%e5%af%8c%e5%a3%ab%e5%92%96%e5%95%a1%e5%b1%8b
69987	0	%e5%af%8c%e5%a3%ab%e5%92%96%e5%95%a1%e5%b1%8b
69987	0	%e5%af%8c%e5%a3%ab%e5%92%96%e5%95%a1%e5%b1%8b
69987	0	%e5%af%8c%e5%a3%ab%e5%92%96%e5%95%a1%e5%b1%8b
69987	0	%e5%af%8c%e5%a3%ab%e5%92%96%e5%95%a1%e5%b1%8b
69987	0	%e5%af%8c%e5%a3%ab%e5%92%96%e5%95%a1%e5%b1%8b
70392	0