00022b6fad91a06c28a2eb717ecaec7f	3670216	103	2.258737
00022b6fad91a06c28a2eb717ecaec7f	501050	103	1.7104938
00022b6fad91a06c28a2eb717ecaec7f	1896469	103	1.6623963
00022b6fad91a06c28a2eb717ecaec7f	3377923	103	1.642489
00022b6fad91a06c28a2eb717ecaec7f	1945402	103	1.6276838
00022b6fad91a06c28a2eb717ecaec7f	2368495	103	1.5816015
00022b6fad91a06c28a2eb717ecaec7f	500858	103	1.5605522
00022b6fad91a06c28a2eb717ecaec7f	4021330	103	1.4450185
00022b6fad91a06c28a2eb717ecaec7f	5527597	103	1.3857718
00022b6fad91a06c28a2eb717ecaec7f	5740715	103	1.3718792
00022b6fad91a06c28a2eb717ecaec7f	4100251	103	1.3457267
00022b6fad91a06c28a2eb717ecaec7f	501213	103	1.3436854
00022b6fad91a06c28a2eb717ecaec7f	503795	103	1.3393774
00022b6fad91a06c28a2eb717ecaec7f	6427885	103	1.3382498
00022b6fad91a06c28a2eb717ecaec7f	4294663	103	1.3269641
00022b6fad91a06c28a2eb717ecaec7f	4723552	103	1.3269641
00022b6fad91a06c28a2eb717ecaec7f	5649805	103	1.3080586
00022b6fad91a06c28a2eb717ecaec7f	2047735	103	1.2944664
00022b6fad91a06c28a2eb717ecaec7f	500539	103	1.27681
00022b6fad91a06c28a2eb717ecaec7f	4300709	103	1.2478324
00022b6fad91a06c28a2eb717ecaec7f	5313013	103	1.2361846
00022b6fad91a06c28a2eb717ecaec7f	2075389	103	1.2195156
00022b6fad91a06c28a2eb717ecaec7f	500088	103	1.2072217
00022b6fad91a06c28a2eb717ecaec7f	3927673	103	1.195862
00022b6fad91a06c28a2eb717ecaec7f	4510908	103	1.1891061
00022b6fad91a06c28a2eb717ecaec7f	500067	103	1.1732278
00022b6fad91a06c28a2eb717ecaec7f	4548771	103	1.1581208
00022b6fad91a06c28a2eb717ecaec7f	2767708	103	1.1577173
00022b6fad91a06c28a2eb717ecaec7f	500071	103	1.1576629
00022b6fad91a06c28a2eb717ecaec7f	2892061	103	1.1567919
00022b6fad91a06c28a2eb717ecaec7f	3376183	103	1.1393192
00022b6fad91a06c28a2eb717ecaec7f	505522	103	1.1330184
00022b6fad91a06c28a2eb717ecaec7f	6429674	103	1.1316234
00022b6fad91a06c28a2eb717ecaec7f	5715190	103	1.1224072
00022b6fad91a06c28a2eb717ecaec7f	4511744	103	1.1076345
00022b6fad91a06c28a2eb717ecaec7f	4066639	103	1.1007084
00022b6fad91a06c28a2eb717ecaec7f	8354606	103	1.0984803
00022b6fad91a06c28a2eb717ecaec7f	3384772	103	1.0971246
00022b6fad91a06c28a2eb717ecaec7f	4215071	103	1.0465416
00022b6fad91a06c28a2eb717ecaec7f	6107046	103	1.0324684
00022b6fad91a06c28a2eb717ecaec7f	500070	103	1.0259478
00022b6fad91a06c28a2eb717ecaec7f	3168910	103	1.0252086
00022b6fad91a06c28a2eb717ecaec7f	500068	103	1.0043117
00022b6fad91a06c28a2eb717ecaec7f	8042364	103	0.99277514
00022b6fad91a06c28a2eb717ecaec7f	507310	103	0.9920439
00022b6fad91a06c28a2eb717ecaec7f	2815780	103	0.99095637
00022b6fad91a06c28a2eb717ecaec7f	3558658	103	0.97384405
00022b6fad91a06c28a2eb717ecaec7f	2208682	103	0.97177947
00022b6fad91a06c28a2eb717ecaec7f	2375977	103	0.96517754
00022b6fad91a06c28a2eb717ecaec7f	2033368	103	0.9583144
00022b6fad91a06c28a2eb717ecaec7f	2778070	103	0.9523261
00022b6fad91a06c28a2eb717ecaec7f	5718873	103	0.9469589
00022b6fad91a06c28a2eb717ecaec7f	505075	103	0.94242513
00022b6fad91a06c28a2eb717ecaec7f	3144349	103	0.92399037
00022b6fad91a06c28a2eb717ecaec7f	501205	103	0.9179555
00022b6fad91a06c28a2eb717ecaec7f	3117085	103	0.91727024
00022b6fad91a06c28a2eb717ecaec7f	4544468	103	0.91279924
00022b6fad91a06c28a2eb717ecaec7f	2062678	103	0.91174453
00022b6fad91a06c28a2eb717ecaec7f	4037860	103	0.9034298
00022b6fad91a06c28a2eb717ecaec7f	561278	103	0.88904536
00022b6fad91a06c28a2eb717ecaec7f	8968583	103	0.8883267
00022b6fad91a06c28a2eb717ecaec7f	6077767	103	0.8859348
00022b6fad91a06c28a2eb717ecaec7f	4546231	103	0.88489026
00022b6fad91a06c28a2eb717ecaec7f	4102816	103	0.8777099
00022b6fad91a06c28a2eb717ecaec7f	5366239	103	0.8774046
00022b6fad91a06c28a2eb717ecaec7f	4114676	103	0.87409633
00022b6fad91a06c28a2eb717ecaec7f	500069	103	0.87283146
00022b6fad91a06c28a2eb717ecaec7f	5719335	103	0.8605148
00022b6fad91a06c28a2eb717ecaec7f	560201	103	0.8582124
00022b6fad91a06c28a2eb717ecaec7f	8024154	103	0.85658854
00022b6fad91a06c28a2eb717ecaec7f	6839257	103	0.85469335
00022b6fad91a06c28a2eb717ecaec7f	6181863	103	0.85469335
00022b6fad91a06c28a2eb717ecaec7f	4500497	103	0.85165936
00022b6fad91a06c28a2eb717ecaec7f	4277127	103	0.84824
00022b6fad91a06c28a2eb717ecaec7f	5101458	103	0.8430576
00022b6fad91a06c28a2eb717ecaec7f	2403919	103	0.8393203
00022b6fad91a06c28a2eb717ecaec7f	583617	103	0.8370149
00022b6fad91a06c28a2eb717ecaec7f	2264710	103	0.8275905
00022b6fad91a06c28a2eb717ecaec7f	500526	103	0.8239116
00022b6fad91a06c28a2eb717ecaec7f	4188196	103	0.8118776
00022b6fad91a06c28a2eb717ecaec7f	4285237	103	0.80713433
00022b6fad91a06c28a2eb717ecaec7f	6336112	103	0.7980864
00022b6fad91a06c28a2eb717ecaec7f	1967923	103	0.7931249
00022b6fad91a06c28a2eb717ecaec7f	5575022	103	0.7908336
00022b6fad91a06c28a2eb717ecaec7f	3521629	103	0.79026026
00022b6fad91a06c28a2eb717ecaec7f	2278702	103	0.78357106
00022b6fad91a06c28a2eb717ecaec7f	5719346	103	0.7821762
00022b6fad91a06c28a2eb717ecaec7f	504173	103	0.7821669
00022b6fad91a06c28a2eb717ecaec7f	5707192	103	0.7798237
00022b6fad91a06c28a2eb717ecaec7f	4702910	103	0.7794524
00022b6fad91a06c28a2eb717ecaec7f	6522553	103	0.7791478
00022b6fad91a06c28a2eb717ecaec7f	2061247	103	0.7784614
00022b6fad91a06c28a2eb717ecaec7f	2188213	103	0.77595073
00022b6fad91a06c28a2eb717ecaec7f	5374910	103	0.77305526
00022b6fad91a06c28a2eb717ecaec7f	5443843	103	0.7685014
00022b6fad91a06c28a2eb717ecaec7f	4092508	103	0.75535
00022b6fad91a06c28a2eb717ecaec7f	4681331	103	0.74749625
00022b6fad91a06c28a2eb717ecaec7f	5721985	103	0.74372625
00022b6fad91a06c28a2eb717ecaec7f	503904	103	0.7409504
00022b6fad91a06c28a2eb717ecaec7f	2449261	103	0.7365968
000a4a3014c94078d20b59c352669304	4233883	1496	3.7361362
000a4a3014c94078d20b59c352669304	2576761	1496	3.290235
000a4a3014c94078d20b59c352669304	3278959	1496	2.9491687
000a4a3014c94078d20b59c352669304	5330725	1496	2.8931346
000a4a3014c94078d20b59c352669304	578897	103	2.8811736
000a4a3014c94078d20b59c352669304	2576761	1496	2.8687165
000a4a3014c94078d20b59c352669304	2780119	1496	2.815586
000a4a3014c94078d20b59c352669304	518129	1496	2.7874255
000a4a3014c94078d20b59c352669304	4233883	1496	2.7206879
000a4a3014c94078d20b59c352669304	3278959	1496	2.5841043
000a4a3014c94078d20b59c352669304	4093789	1496	2.4883027
000a4a3014c94078d20b59c352669304	521755	1496	2.434168
000a4a3014c94078d20b59c352669304	520520	1496	2.4155743
000a4a3014c94078d20b59c352669304	5989402	1496	2.403428
000a4a3014c94078d20b59c352669304	6423335	103	2.3968925
000a4a3014c94078d20b59c352669304	518128	1496	2.3069875
000a4a3014c94078d20b59c352669304	2463202	1496	2.26759
000a4a3014c94078d20b59c352669304	3582769	1496	2.241385
000a4a3014c94078d20b59c352669304	517343	1496	2.2356486
000a4a3014c94078d20b59c352669304	5658216	1496	2.2256644
000a4a3014c94078d20b59c352669304	6860650	1496	2.2147522
000a4a3014c94078d20b59c352669304	521755	1496	2.2068164
000a4a3014c94078d20b59c352669304	3149809	1496	2.1777081
000a4a3014c94078d20b59c352669304	3582769	1496	2.151766
000a4a3014c94078d20b59c352669304	2780119	1496	2.142685
000a4a3014c94078d20b59c352669304	3047800	1496	2.1315405
000a4a3014c94078d20b59c352669304	1898539	1496	2.093458
000a4a3014c94078d20b59c352669304	4549148	1496	2.0931852
000a4a3014c94078d20b59c352669304	2120707	1496	2.0778236
000a4a3014c94078d20b59c352669304	2932993	1496	2.0720358
000a4a3014c94078d20b59c352669304	2005426	1496	2.0627067
000a4a3014c94078d20b59c352669304	519090	1496	2.0320039
000a4a3014c94078d20b59c352669304	2041936	1496	2.0143502
000a4a3014c94078d20b59c352669304	3125941	1496	2.0143502
000a4a3014c94078d20b59c352669304	3659752	1496	2.0143502
000a4a3014c94078d20b59c352669304	4204805	1496	2.0143502
000a4a3014c94078d20b59c352669304	2468833	1496	2.0143502
000a4a3014c94078d20b59c352669304	2353774	1496	2.0143502
000a4a3014c94078d20b59c352669304	2438473	1496	2.0143502
000a4a3014c94078d20b59c352669304	520625	1496	2.0143502
000a4a3014c94078d20b59c352669304	2907433	1496	2.0143502
000a4a3014c94078d20b59c352669304	2125447	1496	2.0143502
000a4a3014c94078d20b59c352669304	2712625	1496	2.0143502
000a4a3014c94078d20b59c352669304	5345020	1496	2.0143502
000a4a3014c94078d20b59c352669304	2684779	1496	2.0143502
000a4a3014c94078d20b59c352669304	3686641	1496	2.0143502
000a4a3014c94078d20b59c352669304	4533180	1496	2.0143502
000a4a3014c94078d20b59c352669304	5202081	1496	2.0143502
000a4a3014c94078d20b59c352669304	2863855	1496	2.0143502
000a4a3014c94078d20b59c352669304	4531434	1496	2.0143502
000a4a3014c94078d20b59c352669304	6023882	1496	2.0143502
000a4a3014c94078d20b59c352669304	2825473	1496	2.0143502
000a4a3014c94078d20b59c352669304	5226837	1496	2.0055192
000a4a3014c94078d20b59c352669304	1935886	1496	1.9695286
000a4a3014c94078d20b59c352669304	3443803	1496	1.9670227
000a4a3014c94078d20b59c352669304	519387	1496	1.9535192
000a4a3014c94078d20b59c352669304	519387	1496	1.9509807
000a4a3014c94078d20b59c352669304	2502706	1496	1.9485583
000a4a3014c94078d20b59c352669304	2869135	1496	1.8998667
000a4a3014c94078d20b59c352669304	1914301	1496	1.8800896
000a4a3014c94078d20b59c352669304	2102659	1496	1.8711443
000a4a3014c94078d20b59c352669304	4710185	1496	1.8695246
000a4a3014c94078d20b59c352669304	518129	1496	1.857027
000a4a3014c94078d20b59c352669304	2463202	1496	1.8528228
000a4a3014c94078d20b59c352669304	5226837	1496	1.8364983
000a4a3014c94078d20b59c352669304	518606	103	1.8197846
000a4a3014c94078d20b59c352669304	4086883	1496	1.8123671
000a4a3014c94078d20b59c352669304	5448450	1496	1.804251
000a4a3014c94078d20b59c352669304	3426097	1496	1.8015654
000a4a3014c94078d20b59c352669304	4019263	1496	1.7985803
000a4a3014c94078d20b59c352669304	3005341	1496	1.7979171
000a4a3014c94078d20b59c352669304	8948752	1496	1.7973343
000a4a3014c94078d20b59c352669304	3677101	1496	1.7950114
000a4a3014c94078d20b59c352669304	517073	1496	1.784699
000a4a3014c94078d20b59c352669304	5658216	103	1.7751586
000a4a3014c94078d20b59c352669304	3181966	1496	1.764975
000a4a3014c94078d20b59c352669304	568545	1496	1.7645798
000a4a3014c94078d20b59c352669304	5226837	103	1.7615687
000a4a3014c94078d20b59c352669304	519246	1496	1.7526151
000a4a3014c94078d20b59c352669304	2468836	1496	1.7483915
000a4a3014c94078d20b59c352669304	3320962	103	1.7405721
000a4a3014c94078d20b59c352669304	2932993	1496	1.7366569
000a4a3014c94078d20b59c352669304	2309827	103	1.7337947
000a4a3014c94078d20b59c352669304	517343	1496	1.7294726
000a4a3014c94078d20b59c352669304	1889128	1496	1.7201132
000a4a3014c94078d20b59c352669304	584611	1496	1.7192875
000a4a3014c94078d20b59c352669304	3052264	1496	1.6949672
000a4a3014c94078d20b59c352669304	3443803	1496	1.6886523
000a4a3014c94078d20b59c352669304	2303593	1496	1.683924
000a4a3014c94078d20b59c352669304	521755	103	1.6534243
000a4a3014c94078d20b59c352669304	6210676	1496	1.6511056
000a4a3014c94078d20b59c352669304	3500473	1496	1.6502547
000a4a3014c94078d20b59c352669304	520072	103	1.6491822
000a4a3014c94078d20b59c352669304	2789743	1496	1.6490934
000a4a3014c94078d20b59c352669304	517474	1496	1.6483375
000a4a3014c94078d20b59c352669304	1933123	1496	1.6482948
000a4a3014c94078d20b59c352669304	5383543	1496	1.6456667
000a4a3014c94078d20b59c352669304	2180740	1496	1.6388865
000a4a3014c94078d20b59c352669304	4714445	1496	1.6322117
000a4a3014c94078d20b59c352669304	6853113	1496	1.5884131
002101540002809	4516714	117	4.2443194
002101540002809	4170310	114	3.9691763
002101540002809	504116	114	3.7412982
002101540002809	3703555	110	3.7181714
002101540002809	8006715	110	3.717057
002101540002809	5287650	110	3.7111728
002101540002809	2262169	114	3.6981606
002101540002809	5197461	110	3.6817012
002101540002809	2012554	102	3.6797068
002101540002809	566372	112	3.644695
002101540002809	5433370	110	3.6101093
002101540002809	2883661	102	3.562285
002101540002809	3648553	110	3.5335176
002101540002809	503622	111	3.4737618
002101540002809	3042538	114	3.4590108
002101540002809	3670216	103	3.4280765
002101540002809	2613604	113	3.4233234
002101540002809	500071	103	3.4063392
002101540002809	1896469	103	3.3943665
002101540002809	5214673	102	3.3703191
002101540002809	2595142	114	3.3475797
002101540002809	560194	113	3.3242092
002101540002809	2111839	135	3.2689252
002101540002809	5989774	110	3.26173
002101540002809	1905004	135	3.2532642
002101540002809	4511909	114	3.2446628
002101540002809	3705889	114	3.2153027
002101540002809	3578767	135	3.1884146
002101540002809	3647533	113	3.1821826
002101540002809	5723852	115	3.1644413
002101540002809	1945402	103	3.1640587
002101540002809	2035060	114	3.1617122
002101540002809	3292306	114	3.1574194
002101540002809	2368495	103	3.1471546
002101540002809	2498860	135	3.141569
002101540002809	5418968	135	3.1396263
002101540002809	3052408	102	3.1393042
002101540002809	1892629	135	3.1234055
002101540002809	5511249	135	3.1215267
002101540002809	5190737	135	3.1215267
002101540002809	4565712	135	3.1215267
002101540002809	4200061	135	3.1215267
002101540002809	2475133	135	3.1215267
002101540002809	4134705	135	3.1215267
002101540002809	1794865	135	3.1215267
002101540002809	3503005	135	3.1215267
002101540002809	5516194	135	3.1215267
002101540002809	2207650	135	3.1215267
002101540002809	3563416	135	3.1215267
002101540002809	5310261	135	3.1215267
002101540002809	3377617	135	3.1215267
002101540002809	5273885	135	3.1215267
002101540002809	6164825	135	3.1215267
002101540002809	1794793	135	3.1215267
002101540002809	4505952	135	3.1215267
002101540002809	1926718	135	3.1215267
002101540002809	5244638	135	3.1215267
002101540002809	5535481	135	3.1215267
002101540002809	4700710	135	3.1215267
002101540002809	5535014	135	3.1215267
002101540002809	2780506	135	3.1215267
002101540002809	8023999	135	3.1215267
002101540002809	2504962	135	3.1215267
002101540002809	2952706	135	3.1215267
002101540002809	4675330	135	3.1215267
002101540002809	8530356	135	3.1215267
002101540002809	5397684	135	3.1215267
002101540002809	2320924	135	3.1215267
002101540002809	4669311	135	3.1215267
002101540002809	5291395	135	3.1215267
002101540002809	2232004	135	3.1215267
002101540002809	4560169	135	3.1215267
002101540002809	3052138	135	3.1215267
002101540002809	4666215	135	3.1215267
002101540002809	4105179	135	3.1215267
002101540002809	5636422	135	3.1215267
002101540002809	4705535	135	3.1215267
002101540002809	4285241	135	3.1215267
002101540002809	3318871	135	3.1215267
002101540002809	8063409	135	3.1215267
002101540002809	2886850	135	3.1215267
002101540002809	1899445	135	3.1215267
002101540002809	2403043	135	3.1215267
002101540002809	5359219	135	3.1215267
002101540002809	4187918	135	3.1215267
002101540002809	2404213	135	3.1215267
002101540002809	2187871	135	3.1215267
002101540002809	3311017	135	3.1215267
002101540002809	1794832	135	3.1215267
002101540002809	3336274	135	3.1215267
002101540002809	2184658	135	3.1215267
002101540002809	2411422	135	3.1215267
002101540002809	5192865	135	3.1215267
002101540002809	5421688	135	3.1215267
002101540002809	2936752	135	3.1215267
002101540002809	5253519	135	3.1215267
002101540002809	3053050	135	3.1215267
002101540002809	2820346	135	3.1215267
002101540002809	5416428	135	3.1215267
002101540002809	5393644	135	3.1215267
003b7134d297ae8e7e260d8e37561233	2878603	112	5.31879
003b7134d297ae8e7e260d8e37561233	2583085	112	5.2472563
003b7134d297ae8e7e260d8e37561233	2351254	112	5.2139416
003b7134d297ae8e7e260d8e37561233	5401109	112	4.8755565
003b7134d297ae8e7e260d8e37561233	4190295	112	4.700126
003b7134d297ae8e7e260d8e37561233	3567712	112	4.480633
003b7134d297ae8e7e260d8e37561233	6072365	112	4.012497
003b7134d297ae8e7e260d8e37561233	534470	112	3.9449751
003b7134d297ae8e7e260d8e37561233	8938184	112	3.8916268
003b7134d297ae8e7e260d8e37561233	2932399	112	3.8838832
003b7134d297ae8e7e260d8e37561233	2872948	112	3.8443801
003b7134d297ae8e7e260d8e37561233	1901047	112	3.7860858
003b7134d297ae8e7e260d8e37561233	2485816	112	3.7432587
003b7134d297ae8e7e260d8e37561233	2823313	112	3.6849265
003b7134d297ae8e7e260d8e37561233	3000940	112	3.677209
003b7134d297ae8e7e260d8e37561233	2665900	112	3.585277
003b7134d297ae8e7e260d8e37561233	4110581	112	3.5804062
003b7134d297ae8e7e260d8e37561233	2872948	112	3.53624
003b7134d297ae8e7e260d8e37561233	5197709	112	3.528137
003b7134d297ae8e7e260d8e37561233	3009031	112	3.486258
003b7134d297ae8e7e260d8e37561233	5744137	112	3.486258
003b7134d297ae8e7e260d8e37561233	2447818	112	3.486258
003b7134d297ae8e7e260d8e37561233	2500750	112	3.486258
003b7134d297ae8e7e260d8e37561233	2327311	112	3.486258
003b7134d297ae8e7e260d8e37561233	2647984	112	3.486258
003b7134d297ae8e7e260d8e37561233	5546637	112	3.486258
003b7134d297ae8e7e260d8e37561233	5203791	112	3.486258
003b7134d297ae8e7e260d8e37561233	2313943	112	3.486258
003b7134d297ae8e7e260d8e37561233	5393090	112	3.486258
003b7134d297ae8e7e260d8e37561233	2665969	112	3.486258
003b7134d297ae8e7e260d8e37561233	4225499	112	3.486258
003b7134d297ae8e7e260d8e37561233	4210589	112	3.4813797
003b7134d297ae8e7e260d8e37561233	4677745	112	3.4248624
003b7134d297ae8e7e260d8e37561233	2806996	112	3.3689108
003b7134d297ae8e7e260d8e37561233	3198109	112	3.3648486
003b7134d297ae8e7e260d8e37561233	2832121	112	3.3602617
003b7134d297ae8e7e260d8e37561233	3680524	112	3.358151
003b7134d297ae8e7e260d8e37561233	2878603	112	3.323943
003b7134d297ae8e7e260d8e37561233	2033851	112	3.323247
003b7134d297ae8e7e260d8e37561233	2578822	112	3.2654827
003b7134d297ae8e7e260d8e37561233	5739162	112	3.2617753
003b7134d297ae8e7e260d8e37561233	2976544	112	3.241918
003b7134d297ae8e7e260d8e37561233	3567712	112	3.2274551
003b7134d297ae8e7e260d8e37561233	4210589	112	3.1819797
003b7134d297ae8e7e260d8e37561233	3567712	112	3.1713846
003b7134d297ae8e7e260d8e37561233	6007021	112	3.1707172
003b7134d297ae8e7e260d8e37561233	5350435	112	3.167032
003b7134d297ae8e7e260d8e37561233	4210589	112	3.1216688
003b7134d297ae8e7e260d8e37561233	2823313	112	3.1209528
003b7134d297ae8e7e260d8e37561233	3680524	112	3.0973818
003b7134d297ae8e7e260d8e37561233	4210593	112	3.0948114
003b7134d297ae8e7e260d8e37561233	3680524	112	3.0815897
003b7134d297ae8e7e260d8e37561233	3567712	112	3.0536134
003b7134d297ae8e7e260d8e37561233	534612	112	3.0312486
003b7134d297ae8e7e260d8e37561233	2430193	112	3.0145159
003b7134d297ae8e7e260d8e37561233	6277289	112	2.9957814
003b7134d297ae8e7e260d8e37561233	6008063	112	2.9957814
003b7134d297ae8e7e260d8e37561233	4175632	112	2.9957814
003b7134d297ae8e7e260d8e37561233	4177978	112	2.9957814
003b7134d297ae8e7e260d8e37561233	2793577	112	2.9744818
003b7134d297ae8e7e260d8e37561233	2932399	112	2.962955
003b7134d297ae8e7e260d8e37561233	564814	112	2.9606473
003b7134d297ae8e7e260d8e37561233	2872948	112	2.954582
003b7134d297ae8e7e260d8e37561233	3892117	112	2.948081
003b7134d297ae8e7e260d8e37561233	4202569	112	2.9428596
003b7134d297ae8e7e260d8e37561233	4210594	112	2.9416783
003b7134d297ae8e7e260d8e37561233	3198109	112	2.917378
003b7134d297ae8e7e260d8e37561233	3433471	112	2.9088688
003b7134d297ae8e7e260d8e37561233	4658994	112	2.8987086
003b7134d297ae8e7e260d8e37561233	4686889	112	2.874766
003b7134d297ae8e7e260d8e37561233	2583085	112	2.8640893
003b7134d297ae8e7e260d8e37561233	6442958	112	2.855445
003b7134d297ae8e7e260d8e37561233	5353906	112	2.8324397
003b7134d297ae8e7e260d8e37561233	3680524	112	2.831549
003b7134d297ae8e7e260d8e37561233	5197709	112	2.7897198
003b7134d297ae8e7e260d8e37561233	2575957	112	2.7895274
003b7134d297ae8e7e260d8e37561233	3567712	112	2.7765403
003b7134d297ae8e7e260d8e37561233	1937128	112	2.768536
003b7134d297ae8e7e260d8e37561233	2485816	112	2.7381241
003b7134d297ae8e7e260d8e37561233	2932399	112	2.72843
003b7134d297ae8e7e260d8e37561233	2578822	112	2.719802
003b7134d297ae8e7e260d8e37561233	534470	112	2.7083237
003b7134d297ae8e7e260d8e37561233	2823313	112	2.7003179
003b7134d297ae8e7e260d8e37561233	2457223	112	2.694958
003b7134d297ae8e7e260d8e37561233	2575957	112	2.693381
003b7134d297ae8e7e260d8e37561233	5735426	112	2.6789677
003b7134d297ae8e7e260d8e37561233	8938184	112	2.6706674
003b7134d297ae8e7e260d8e37561233	2583085	112	2.6537888
003b7134d297ae8e7e260d8e37561233	2575957	112	2.6091886
003b7134d297ae8e7e260d8e37561233	4658994	112	2.5967171
003b7134d297ae8e7e260d8e37561233	2878603	112	2.5915554
003b7134d297ae8e7e260d8e37561233	5352220	112	2.5821383
003b7134d297ae8e7e260d8e37561233	5735426	112	2.5605855
003b7134d297ae8e7e260d8e37561233	2578822	112	2.5093572
003b7134d297ae8e7e260d8e37561233	1947409	112	2.5065672
003b7134d297ae8e7e260d8e37561233	4190295	112	2.5055368
003b7134d297ae8e7e260d8e37561233	2878603	112	2.5000403
003b7134d297ae8e7e260d8e37561233	2485816	112	2.5000403
003b7134d297ae8e7e260d8e37561233	4117231	112	2.4969697
003b7134d297ae8e7e260d8e37561233	8938184	112	2.493165
004351220409ffc108f186e936a2851e	6022303	115	3.357937
004351220409ffc108f186e936a2851e	6315641	115	3.0420687
004351220409ffc108f186e936a2851e	4523171	115	2.9397724
004351220409ffc108f186e936a2851e	4510331	115	2.789672
004351220409ffc108f186e936a2851e	3005614	115	2.578045
004351220409ffc108f186e936a2851e	2963581	116	2.1748312
004351220409ffc108f186e936a2851e	8880615	115	1.8422806
004351220409ffc108f186e936a2851e	3560983	115	1.7905016
004351220409ffc108f186e936a2851e	3435484	116	1.7320304
004351220409ffc108f186e936a2851e	6439049	115	1.7033181
004351220409ffc108f186e936a2851e	4530439	115	1.6904292
004351220409ffc108f186e936a2851e	4275877	116	1.6025323
004351220409ffc108f186e936a2851e	6068734	115	1.5835176
004351220409ffc108f186e936a2851e	8842719	115	1.5496002
004351220409ffc108f186e936a2851e	4740099	116	1.4988128
004351220409ffc108f186e936a2851e	501793	102	1.4489365
004351220409ffc108f186e936a2851e	3262375	116	1.3727969
004351220409ffc108f186e936a2851e	3069055	116	1.3539312
004351220409ffc108f186e936a2851e	2036212	116	1.346248
004351220409ffc108f186e936a2851e	503020	116	1.2961261
004351220409ffc108f186e936a2851e	500990	102	1.2917546
004351220409ffc108f186e936a2851e	504563	116	1.2828394
004351220409ffc108f186e936a2851e	5149932	116	1.2615414
004351220409ffc108f186e936a2851e	2907616	116	1.2454302
004351220409ffc108f186e936a2851e	2367541	116	1.2444547
004351220409ffc108f186e936a2851e	4220114	116	1.2233667
004351220409ffc108f186e936a2851e	3878794	116	1.2233667
004351220409ffc108f186e936a2851e	586970	116	1.1782144
004351220409ffc108f186e936a2851e	3052894	115	1.1578125
004351220409ffc108f186e936a2851e	3220609	115	1.140748
004351220409ffc108f186e936a2851e	3874162	116	1.1252259
004351220409ffc108f186e936a2851e	5137509	116	1.1246381
004351220409ffc108f186e936a2851e	568022	116	1.1220125
004351220409ffc108f186e936a2851e	10008863	115	1.1127234
004351220409ffc108f186e936a2851e	2051836	102	1.1074398
004351220409ffc108f186e936a2851e	2103607	115	1.1071848
004351220409ffc108f186e936a2851e	2242585	116	1.1071084
004351220409ffc108f186e936a2851e	3151408	116	1.0837656
004351220409ffc108f186e936a2851e	578521	115	1.076761
004351220409ffc108f186e936a2851e	2398996	116	1.0755463
004351220409ffc108f186e936a2851e	2646808	116	1.072119
004351220409ffc108f186e936a2851e	4295028	116	1.0719478
004351220409ffc108f186e936a2851e	6169910	116	1.0719478
004351220409ffc108f186e936a2851e	5211683	116	1.0714191
004351220409ffc108f186e936a2851e	1931062	116	1.0714191
004351220409ffc108f186e936a2851e	5286981	116	1.0714191
004351220409ffc108f186e936a2851e	3695824	116	1.0714191
004351220409ffc108f186e936a2851e	4215403	116	1.0714191
004351220409ffc108f186e936a2851e	501086	116	1.0694938
004351220409ffc108f186e936a2851e	561414	116	1.0694938
004351220409ffc108f186e936a2851e	2457748	116	1.0694938
004351220409ffc108f186e936a2851e	4709348	116	1.0694938
004351220409ffc108f186e936a2851e	4116808	116	1.0648282
004351220409ffc108f186e936a2851e	4115075	116	1.0648282
004351220409ffc108f186e936a2851e	8974121	116	1.0648282
004351220409ffc108f186e936a2851e	2433361	116	1.0648282
004351220409ffc108f186e936a2851e	584838	116	1.0648282
004351220409ffc108f186e936a2851e	5992849	116	1.0648282
004351220409ffc108f186e936a2851e	4049593	116	1.0648282
004351220409ffc108f186e936a2851e	4713083	116	1.0648282
004351220409ffc108f186e936a2851e	2636455	116	1.0648282
004351220409ffc108f186e936a2851e	4528571	116	1.0648282
004351220409ffc108f186e936a2851e	3111910	116	1.0648282
004351220409ffc108f186e936a2851e	4718027	116	1.0648282
004351220409ffc108f186e936a2851e	5643290	116	1.0648282
004351220409ffc108f186e936a2851e	5101450	116	1.0648282
004351220409ffc108f186e936a2851e	3628480	116	1.0635183
004351220409ffc108f186e936a2851e	8066634	116	1.0421659
004351220409ffc108f186e936a2851e	5493974	116	1.0226431
004351220409ffc108f186e936a2851e	3483640	116	1.0200088
004351220409ffc108f186e936a2851e	4525098	115	1.0189968
004351220409ffc108f186e936a2851e	2706520	116	1.0141321
004351220409ffc108f186e936a2851e	6217135	116	1.0087851
004351220409ffc108f186e936a2851e	2348401	116	1.0063808
004351220409ffc108f186e936a2851e	3516106	116	1.0029364
004351220409ffc108f186e936a2851e	2037478	116	1.002313
004351220409ffc108f186e936a2851e	2356567	116	1.0001543
004351220409ffc108f186e936a2851e	2018137	115	0.99031955
004351220409ffc108f186e936a2851e	5653697	116	0.98984355
004351220409ffc108f186e936a2851e	502015	116	0.9846031
004351220409ffc108f186e936a2851e	585916	115	0.9794475
004351220409ffc108f186e936a2851e	503566	102	0.97726786
004351220409ffc108f186e936a2851e	5365623	116	0.9772554
004351220409ffc108f186e936a2851e	6337712	116	0.97711456
004351220409ffc108f186e936a2851e	3352666	116	0.9756932
004351220409ffc108f186e936a2851e	2545966	116	0.9756932
004351220409ffc108f186e936a2851e	5864182	116	0.9756932
004351220409ffc108f186e936a2851e	3103390	116	0.9756932
004351220409ffc108f186e936a2851e	2876947	116	0.9756932
004351220409ffc108f186e936a2851e	3042253	116	0.9756932
004351220409ffc108f186e936a2851e	2021077	116	0.9756932
004351220409ffc108f186e936a2851e	4600192	116	0.9756932
004351220409ffc108f186e936a2851e	5207063	116	0.9756932
004351220409ffc108f186e936a2851e	2460709	116	0.9756932
004351220409ffc108f186e936a2851e	3461758	116	0.9756932
004351220409ffc108f186e936a2851e	2755198	116	0.9756932
004351220409ffc108f186e936a2851e	2456305	116	0.9756932
004351220409ffc108f186e936a2851e	5401917	116	0.9756932
004351220409ffc108f186e936a2851e	2727148	116	0.9756932
004351220409ffc108f186e936a2851e	5379179	116	0.9756932
004390fac4f7fd86ebc954c5fb56dbc5	6423623	165	2.5849626
004390fac4f7fd86ebc954c5fb56dbc5	5516451	118	2.137685
004390fac4f7fd86ebc954c5fb56dbc5	5865989	118	1.5849625
004390fac4f7fd86ebc954c5fb56dbc5	9293240	118	1.5849625
004390fac4f7fd86ebc954c5fb56dbc5	5441038	118	1.5849625
004390fac4f7fd86ebc954c5fb56dbc5	5096718	118	1.5849625
004390fac4f7fd86ebc954c5fb56dbc5	3994270	118	1.5849625
004390fac4f7fd86ebc954c5fb56dbc5	6850704	118	1.5849625
004390fac4f7fd86ebc954c5fb56dbc5	5209896	118	1.5849625
004390fac4f7fd86ebc954c5fb56dbc5	6039892	118	1.5849625
004390fac4f7fd86ebc954c5fb56dbc5	9037286	118	1.5849625
004390fac4f7fd86ebc954c5fb56dbc5	5674871	118	1.5849625
004390fac4f7fd86ebc954c5fb56dbc5	6359105	118	1.5849625
004390fac4f7fd86ebc954c5fb56dbc5	8661107	118	1.5849625
004390fac4f7fd86ebc954c5fb56dbc5	8998219	118	1.5849625
004390fac4f7fd86ebc954c5fb56dbc5	6603660	118	1.5849625
004390fac4f7fd86ebc954c5fb56dbc5	6022644	118	1.5849625
004390fac4f7fd86ebc954c5fb56dbc5	6131607	118	1.5849625
004390fac4f7fd86ebc954c5fb56dbc5	1972696	116	1.5849625
004390fac4f7fd86ebc954c5fb56dbc5	6440203	118	1.5849625
004390fac4f7fd86ebc954c5fb56dbc5	6071950	118	1.5849625
004390fac4f7fd86ebc954c5fb56dbc5	5541455	118	1.5849625
004390fac4f7fd86ebc954c5fb56dbc5	9955109	118	1.5849625
004390fac4f7fd86ebc954c5fb56dbc5	2581474	116	1.5849625
004390fac4f7fd86ebc954c5fb56dbc5	5234696	118	1.5849625
004390fac4f7fd86ebc954c5fb56dbc5	5257923	118	1.5849625
004390fac4f7fd86ebc954c5fb56dbc5	5201013	118	1.5849625
004390fac4f7fd86ebc954c5fb56dbc5	6672403	118	1.5849625
004390fac4f7fd86ebc954c5fb56dbc5	2781994	118	1.5849625
004390fac4f7fd86ebc954c5fb56dbc5	2192794	116	1.5849625
004390fac4f7fd86ebc954c5fb56dbc5	3449113	118	1.5849625
004390fac4f7fd86ebc954c5fb56dbc5	8902681	118	1.5849625
004390fac4f7fd86ebc954c5fb56dbc5	5730587	118	1.5849625
004390fac4f7fd86ebc954c5fb56dbc5	2777494	118	1.5849625
004390fac4f7fd86ebc954c5fb56dbc5	5285485	118	1.5849625
004390fac4f7fd86ebc954c5fb56dbc5	8986292	118	1.5849625
004390fac4f7fd86ebc954c5fb56dbc5	6298159	118	1.5849625
004390fac4f7fd86ebc954c5fb56dbc5	5281583	118	1.5849625
004390fac4f7fd86ebc954c5fb56dbc5	2894602	116	1.5849625
004390fac4f7fd86ebc954c5fb56dbc5	5602185	118	1.5849625
004390fac4f7fd86ebc954c5fb56dbc5	8625354	118	1.5849625
004390fac4f7fd86ebc954c5fb56dbc5	8003274	118	1.5849625
004390fac4f7fd86ebc954c5fb56dbc5	6122718	118	1.5849625
004390fac4f7fd86ebc954c5fb56dbc5	2991394	118	1.5849625
004390fac4f7fd86ebc954c5fb56dbc5	6038763	118	1.5849625
004390fac4f7fd86ebc954c5fb56dbc5	5281595	118	1.5849625
004390fac4f7fd86ebc954c5fb56dbc5	6224957	118	1.5849625
004390fac4f7fd86ebc954c5fb56dbc5	6599622	118	1.5849625
004390fac4f7fd86ebc954c5fb56dbc5	5733208	118	1.5849625
004390fac4f7fd86ebc954c5fb56dbc5	5228755	116	1.5849625
004390fac4f7fd86ebc954c5fb56dbc5	9478027	118	1.5849625
004390fac4f7fd86ebc954c5fb56dbc5	5856788	118	1.5849625
004390fac4f7fd86ebc954c5fb56dbc5	6055858	118	1.5849625
004390fac4f7fd86ebc954c5fb56dbc5	6256172	118	1.5849625
004390fac4f7fd86ebc954c5fb56dbc5	6253994	118	1.5849625
004390fac4f7fd86ebc954c5fb56dbc5	6186545	118	1.5849625
004390fac4f7fd86ebc954c5fb56dbc5	5517105	118	1.5849625
004390fac4f7fd86ebc954c5fb56dbc5	7713953	116	1.5849625
004390fac4f7fd86ebc954c5fb56dbc5	4203169	116	1.5849625
004390fac4f7fd86ebc954c5fb56dbc5	8102470	118	1.5849625
004390fac4f7fd86ebc954c5fb56dbc5	9078301	118	1.5849625
004390fac4f7fd86ebc954c5fb56dbc5	5186401	118	1.5849625
004390fac4f7fd86ebc954c5fb56dbc5	6628118	118	1.5849625
004390fac4f7fd86ebc954c5fb56dbc5	5730632	118	1.5849625
004390fac4f7fd86ebc954c5fb56dbc5	8921946	118	1.5849625
004390fac4f7fd86ebc954c5fb56dbc5	5296497	118	1.5849625
004390fac4f7fd86ebc954c5fb56dbc5	5330114	118	1.5849625
004390fac4f7fd86ebc954c5fb56dbc5	4183746	118	1.5849625
004390fac4f7fd86ebc954c5fb56dbc5	8183465	118	1.5849625
004390fac4f7fd86ebc954c5fb56dbc5	6227021	118	1.5849625
004390fac4f7fd86ebc954c5fb56dbc5	8725069	118	1.5849625
004390fac4f7fd86ebc954c5fb56dbc5	6232487	118	1.5849625
004390fac4f7fd86ebc954c5fb56dbc5	3133348	118	1.5849625
004390fac4f7fd86ebc954c5fb56dbc5	6854564	118	1.5849625
004390fac4f7fd86ebc954c5fb56dbc5	5857416	118	1.5849625
004390fac4f7fd86ebc954c5fb56dbc5	4686005	118	1.5849625
004390fac4f7fd86ebc954c5fb56dbc5	5733878	118	1.5849625
004390fac4f7fd86ebc954c5fb56dbc5	2529919	118	1.5849625
004390fac4f7fd86ebc954c5fb56dbc5	3212731	116	1.4752125
004390fac4f7fd86ebc954c5fb56dbc5	6224926	116	1.4309229
004390fac4f7fd86ebc954c5fb56dbc5	5735996	113	1.405081
004390fac4f7fd86ebc954c5fb56dbc5	9379460	118	1.36436
004390fac4f7fd86ebc954c5fb56dbc5	8076020	118	1.3522145
004390fac4f7fd86ebc954c5fb56dbc5	5866378	116	1.3462
004390fac4f7fd86ebc954c5fb56dbc5	1907005	116	1.3038803
004390fac4f7fd86ebc954c5fb56dbc5	3271783	116	1.298796
004390fac4f7fd86ebc954c5fb56dbc5	2987059	116	1.2971301
004390fac4f7fd86ebc954c5fb56dbc5	5241340	118	1.296064
004390fac4f7fd86ebc954c5fb56dbc5	5384244	118	1.2926902
004390fac4f7fd86ebc954c5fb56dbc5	2537716	118	1.292436
004390fac4f7fd86ebc954c5fb56dbc5	6129585	118	1.1858414
004390fac4f7fd86ebc954c5fb56dbc5	4278499	118	1.1747708
004390fac4f7fd86ebc954c5fb56dbc5	6444697	116	1.1700739
004390fac4f7fd86ebc954c5fb56dbc5	5664877	118	1.1665666
004390fac4f7fd86ebc954c5fb56dbc5	8695219	118	1.1496859
004390fac4f7fd86ebc954c5fb56dbc5	536191	113	1.1277816
004390fac4f7fd86ebc954c5fb56dbc5	4208582	118	1.1154869
004390fac4f7fd86ebc954c5fb56dbc5	2425621	165	1.1126856
004390fac4f7fd86ebc954c5fb56dbc5	4225786	111	1.111443
004390fac4f7fd86ebc954c5fb56dbc5	9317053	118	1.1100935
004402145746180	4686889	102	3.1371956
004402145746180	5195921	118	3.03149
004402145746180	534470	102	2.3221023
004402145746180	3198109	102	2.2020297
004402145746180	5353906	102	2.199414
004402145746180	5245957	102	1.8952653
004402145746180	3628750	102	1.882057
004402145746180	535150	118	1.8348424
004402145746180	4677745	102	1.8201017
004402145746180	4210589	102	1.8101981
004402145746180	4210593	102	1.7914042
004402145746180	3164284	102	1.6878234
004402145746180	4620360	102	1.6620357
004402145746180	1945897	102	1.6572553
004402145746180	3297271	102	1.6021196
004402145746180	5268796	118	1.5813706
004402145746180	4658994	102	1.5624068
004402145746180	3680524	102	1.5459188
004402145746180	535963	102	1.505116
004402145746180	4219071	118	1.5000919
004402145746180	3364825	102	1.4885366
004402145746180	2872948	102	1.4837904
004402145746180	4197065	102	1.4788649
004402145746180	3441607	102	1.4732193
004402145746180	2667595	102	1.4448415
004402145746180	6072365	102	1.3963262
004402145746180	6315246	102	1.3838991
004402145746180	2932399	102	1.3542072
004402145746180	2393656	102	1.3457867
004402145746180	3567712	102	1.3076804
004402145746180	2325322	102	1.2950886
004402145746180	4233638	102	1.2897373
004402145746180	4117675	102	1.2870145
004402145746180	5197709	102	1.2407547
004402145746180	2575957	102	1.2007076
004402145746180	2976544	102	1.2006612
004402145746180	4538112	118	1.1821554
004402145746180	2379574	118	1.1559308
004402145746180	4012846	102	1.1524912
004402145746180	3433471	102	1.1335642
004402145746180	4529947	102	1.1318814
004402145746180	5500573	102	1.1281707
004402145746180	4210847	102	1.1073368
004402145746180	2878603	102	1.092359
004402145746180	4175593	118	1.0917883
004402145746180	2578822	102	1.0791578
004402145746180	5353862	102	1.0575234
004402145746180	1937128	102	1.0412369
004402145746180	2485816	102	1.0303979
004402145746180	2583085	102	1.0284802
004402145746180	535345	102	1.0231866
004402145746180	4190295	102	1.0017887
004402145746180	5867623	118	0.99593586
004402145746180	4672557	102	0.98634136
004402145746180	5503927	118	0.9806127
004402145746180	8013573	102	0.9470284
004402145746180	2823313	102	0.94607687
004402145746180	8938184	102	0.9215453
004402145746180	3178072	102	0.9207303
004402145746180	4553230	102	0.90281075
004402145746180	5735426	102	0.89887524
004402145746180	2685826	118	0.89860576
004402145746180	3185932	118	0.88752675
004402145746180	535962	102	0.88249856
004402145746180	5394549	102	0.8801247
004402145746180	5277879	118	0.8791942
004402145746180	4552817	102	0.87670004
004402145746180	6111435	118	0.86913955
004402145746180	535547	102	0.86089045
004402145746180	4182068	102	0.84611917
004402145746180	4110581	118	0.84147644
004402145746180	4291650	118	0.81625867
004402145746180	4664920	102	0.814311
004402145746180	2430193	102	0.81341916
004402145746180	5514608	102	0.8098019
004402145746180	5350435	102	0.8074856
004402145746180	4117231	102	0.79818684
004402145746180	535082	102	0.797711
004402145746180	535964	102	0.793602
004402145746180	535083	102	0.7845798
004402145746180	1907794	102	0.7828328
004402145746180	534612	102	0.7732014
004402145746180	4177978	102	0.7678568
004402145746180	6008063	102	0.7678568
004402145746180	4175632	102	0.7678568
004402145746180	6277289	102	0.7678568
004402145746180	4101340	102	0.7662108
004402145746180	4059688	102	0.75941473
004402145746180	5419936	102	0.7572293
004402145746180	4738879	102	0.74595296
004402145746180	3050863	118	0.7425074
004402145746180	2099503	102	0.7326937
004402145746180	2478802	102	0.7282162
004402145746180	4498375	118	0.7273313
004402145746180	585195	102	0.72633004
004402145746180	6442958	102	0.72068864
004402145746180	4704091	118	0.7142924
004402145746180	535965	102	0.711185
004402145746180	2652838	102	0.6976679
004402145746180	4719584	118	0.6928879
0046bcf55286b18a5eadd7e71610da79	3457189	469	2.8222883
0046bcf55286b18a5eadd7e71610da79	541146	112	2.2531588
0046bcf55286b18a5eadd7e71610da79	2289547	469	2.242372
0046bcf55286b18a5eadd7e71610da79	3203770	103	2.1670702
0046bcf55286b18a5eadd7e71610da79	541210	469	2.0242677
0046bcf55286b18a5eadd7e71610da79	2951983	112	1.9495454
0046bcf55286b18a5eadd7e71610da79	3020539	103	1.9212182
0046bcf55286b18a5eadd7e71610da79	2883415	469	1.8380885
0046bcf55286b18a5eadd7e71610da79	5277387	469	1.8248489
0046bcf55286b18a5eadd7e71610da79	2323294	469	1.7065057
0046bcf55286b18a5eadd7e71610da79	2445100	469	1.6154375
0046bcf55286b18a5eadd7e71610da79	1997509	110	1.6138967
0046bcf55286b18a5eadd7e71610da79	3231541	110	1.5980233
0046bcf55286b18a5eadd7e71610da79	2419507	110	1.5980233
0046bcf55286b18a5eadd7e71610da79	3180808	102	1.5849625
0046bcf55286b18a5eadd7e71610da79	4114553	102	1.5849625
0046bcf55286b18a5eadd7e71610da79	2294908	102	1.5849625
0046bcf55286b18a5eadd7e71610da79	3276097	102	1.5849625
0046bcf55286b18a5eadd7e71610da79	2314612	102	1.5849625
0046bcf55286b18a5eadd7e71610da79	2387290	102	1.5849625
0046bcf55286b18a5eadd7e71610da79	4524643	102	1.5849625
0046bcf55286b18a5eadd7e71610da79	1934179	102	1.5849625
0046bcf55286b18a5eadd7e71610da79	5629549	102	1.5849625
0046bcf55286b18a5eadd7e71610da79	3103918	102	1.5849625
0046bcf55286b18a5eadd7e71610da79	2088070	102	1.5849625
0046bcf55286b18a5eadd7e71610da79	2190214	102	1.5849625
0046bcf55286b18a5eadd7e71610da79	2833081	102	1.5849625
0046bcf55286b18a5eadd7e71610da79	2525938	102	1.5849625
0046bcf55286b18a5eadd7e71610da79	2611477	102	1.5849625
0046bcf55286b18a5eadd7e71610da79	1947502	102	1.5849625
0046bcf55286b18a5eadd7e71610da79	540445	102	1.5849625
0046bcf55286b18a5eadd7e71610da79	540969	102	1.5849625
0046bcf55286b18a5eadd7e71610da79	2614285	102	1.5849625
0046bcf55286b18a5eadd7e71610da79	2899981	102	1.5849625
0046bcf55286b18a5eadd7e71610da79	1889848	102	1.5849625
0046bcf55286b18a5eadd7e71610da79	2673490	102	1.5849625
0046bcf55286b18a5eadd7e71610da79	5372804	102	1.5849625
0046bcf55286b18a5eadd7e71610da79	4558233	102	1.5849625
0046bcf55286b18a5eadd7e71610da79	2424523	102	1.5849625
0046bcf55286b18a5eadd7e71610da79	3426109	102	1.5849625
0046bcf55286b18a5eadd7e71610da79	2935228	102	1.5849625
0046bcf55286b18a5eadd7e71610da79	4284453	102	1.5849625
0046bcf55286b18a5eadd7e71610da79	541181	110	1.5827056
0046bcf55286b18a5eadd7e71610da79	3228967	102	1.5346166
0046bcf55286b18a5eadd7e71610da79	2199025	469	1.531861
0046bcf55286b18a5eadd7e71610da79	2911702	102	1.5254662
0046bcf55286b18a5eadd7e71610da79	3202987	102	1.5161293
0046bcf55286b18a5eadd7e71610da79	2113876	103	1.5071009
0046bcf55286b18a5eadd7e71610da79	5206696	102	1.4997339
0046bcf55286b18a5eadd7e71610da79	2292820	469	1.4936887
0046bcf55286b18a5eadd7e71610da79	4104532	469	1.4212159
0046bcf55286b18a5eadd7e71610da79	2033587	469	1.4081109
0046bcf55286b18a5eadd7e71610da79	2877808	469	1.4081109
0046bcf55286b18a5eadd7e71610da79	2016895	469	1.4081109
0046bcf55286b18a5eadd7e71610da79	3454303	469	1.4081109
0046bcf55286b18a5eadd7e71610da79	2059468	102	1.3953363
0046bcf55286b18a5eadd7e71610da79	2502868	102	1.3839728
0046bcf55286b18a5eadd7e71610da79	6303500	112	1.2991568
0046bcf55286b18a5eadd7e71610da79	4518368	469	1.2793521
0046bcf55286b18a5eadd7e71610da79	2180407	102	1.2792889
0046bcf55286b18a5eadd7e71610da79	1896949	469	1.2695904
0046bcf55286b18a5eadd7e71610da79	4707556	102	1.268934
0046bcf55286b18a5eadd7e71610da79	1947784	103	1.2665616
0046bcf55286b18a5eadd7e71610da79	3430480	102	1.2591486
0046bcf55286b18a5eadd7e71610da79	3306130	102	1.2429053
0046bcf55286b18a5eadd7e71610da79	5655863	102	1.2178473
0046bcf55286b18a5eadd7e71610da79	2045836	469	1.198347
0046bcf55286b18a5eadd7e71610da79	540321	469	1.1853942
0046bcf55286b18a5eadd7e71610da79	6124339	102	1.1619833
0046bcf55286b18a5eadd7e71610da79	2107384	469	1.1183734
0046bcf55286b18a5eadd7e71610da79	2199025	469	1.1132301
0046bcf55286b18a5eadd7e71610da79	540694	102	1.1132064
0046bcf55286b18a5eadd7e71610da79	3877858	102	1.0987377
0046bcf55286b18a5eadd7e71610da79	540244	102	1.0841149
0046bcf55286b18a5eadd7e71610da79	2746690	469	1.0770411
0046bcf55286b18a5eadd7e71610da79	3157981	469	1.0769583
0046bcf55286b18a5eadd7e71610da79	2015203	102	1.057488
0046bcf55286b18a5eadd7e71610da79	540411	469	1.044975
0046bcf55286b18a5eadd7e71610da79	4126715	469	1.0308031
0046bcf55286b18a5eadd7e71610da79	2547694	102	1.0258434
0046bcf55286b18a5eadd7e71610da79	2292820	469	1.0256294
0046bcf55286b18a5eadd7e71610da79	2246584	469	1.0176576
0046bcf55286b18a5eadd7e71610da79	2883415	469	1.0073909
0046bcf55286b18a5eadd7e71610da79	4557911	102	0.9877383
0046bcf55286b18a5eadd7e71610da79	3023998	111	0.98712784
0046bcf55286b18a5eadd7e71610da79	5590895	469	0.9833785
0046bcf55286b18a5eadd7e71610da79	540321	469	0.9830357
0046bcf55286b18a5eadd7e71610da79	2979370	111	0.98165756
0046bcf55286b18a5eadd7e71610da79	2023063	102	0.98061264
0046bcf55286b18a5eadd7e71610da79	540983	102	0.9800704
0046bcf55286b18a5eadd7e71610da79	585702	469	0.97997886
0046bcf55286b18a5eadd7e71610da79	1947439	469	0.9762006
0046bcf55286b18a5eadd7e71610da79	540526	102	0.96713954
0046bcf55286b18a5eadd7e71610da79	5503082	111	0.9638903
0046bcf55286b18a5eadd7e71610da79	2979370	469	0.9629087
0046bcf55286b18a5eadd7e71610da79	4737033	112	0.95714617
0046bcf55286b18a5eadd7e71610da79	4721403	112	0.94440305
0046bcf55286b18a5eadd7e71610da79	4169399	469	0.9378681
0046bcf55286b18a5eadd7e71610da79	2316937	469	0.9367087
0046bcf55286b18a5eadd7e71610da79	5171058	469	0.93642336
00645a08d2d6875f2867244acbb57283	504459	112	4.3348823
00645a08d2d6875f2867244acbb57283	2426476	112	3.8449552
00645a08d2d6875f2867244acbb57283	2673529	112	3.786167
00645a08d2d6875f2867244acbb57283	4190857	112	3.7368836
00645a08d2d6875f2867244acbb57283	1944118	112	3.7004397
00645a08d2d6875f2867244acbb57283	3651574	112	3.7004397
00645a08d2d6875f2867244acbb57283	4547971	112	3.7004397
00645a08d2d6875f2867244acbb57283	8069510	112	3.6161418
00645a08d2d6875f2867244acbb57283	2681368	112	3.537565
00645a08d2d6875f2867244acbb57283	3648625	112	3.3578546
00645a08d2d6875f2867244acbb57283	2071249	112	3.295075
00645a08d2d6875f2867244acbb57283	503647	112	3.2881687
00645a08d2d6875f2867244acbb57283	2539975	112	3.2794268
00645a08d2d6875f2867244acbb57283	2724253	112	3.2698398
00645a08d2d6875f2867244acbb57283	580055	112	3.099047
00645a08d2d6875f2867244acbb57283	1901626	112	3.0779052
00645a08d2d6875f2867244acbb57283	4047184	112	3.0684981
00645a08d2d6875f2867244acbb57283	2764711	112	3.0468025
00645a08d2d6875f2867244acbb57283	2431978	112	3.0218644
00645a08d2d6875f2867244acbb57283	2063347	102	3.0045178
00645a08d2d6875f2867244acbb57283	2036212	112	3.0006828
00645a08d2d6875f2867244acbb57283	507331	112	2.9575233
00645a08d2d6875f2867244acbb57283	6019114	112	2.9023411
00645a08d2d6875f2867244acbb57283	3298390	112	2.8861964
00645a08d2d6875f2867244acbb57283	500937	112	2.8756015
00645a08d2d6875f2867244acbb57283	3341260	102	2.8091445
00645a08d2d6875f2867244acbb57283	2242585	112	2.7809799
00645a08d2d6875f2867244acbb57283	3169966	112	2.7785804
00645a08d2d6875f2867244acbb57283	3648625	112	2.734154
00645a08d2d6875f2867244acbb57283	6038366	112	2.7088702
00645a08d2d6875f2867244acbb57283	4223485	112	2.6722486
00645a08d2d6875f2867244acbb57283	5736587	112	2.646337
00645a08d2d6875f2867244acbb57283	1901515	112	2.6372888
00645a08d2d6875f2867244acbb57283	5463877	112	2.634972
00645a08d2d6875f2867244acbb57283	5213067	112	2.6252978
00645a08d2d6875f2867244acbb57283	506918	112	2.6187813
00645a08d2d6875f2867244acbb57283	4129402	112	2.6178865
00645a08d2d6875f2867244acbb57283	9942154	112	2.6151056
00645a08d2d6875f2867244acbb57283	4186788	112	2.6122859
00645a08d2d6875f2867244acbb57283	582348	112	2.6076543
00645a08d2d6875f2867244acbb57283	2469043	112	2.600455
00645a08d2d6875f2867244acbb57283	2060482	112	2.597908
00645a08d2d6875f2867244acbb57283	5430789	112	2.588936
00645a08d2d6875f2867244acbb57283	1901512	112	2.5868316
00645a08d2d6875f2867244acbb57283	6259992	112	2.578679
00645a08d2d6875f2867244acbb57283	505705	112	2.5777009
00645a08d2d6875f2867244acbb57283	2081674	112	2.577275
00645a08d2d6875f2867244acbb57283	505705	112	2.5724046
00645a08d2d6875f2867244acbb57283	3147526	112	2.5611525
00645a08d2d6875f2867244acbb57283	504115	112	2.5597427
00645a08d2d6875f2867244acbb57283	4080904	112	2.5493872
00645a08d2d6875f2867244acbb57283	2011960	112	2.5469093
00645a08d2d6875f2867244acbb57283	5267229	112	2.5392199
00645a08d2d6875f2867244acbb57283	9966091	112	2.5292475
00645a08d2d6875f2867244acbb57283	2011960	112	2.523536
00645a08d2d6875f2867244acbb57283	2052973	112	2.5219607
00645a08d2d6875f2867244acbb57283	505198	112	2.5212672
00645a08d2d6875f2867244acbb57283	4169903	112	2.5090587
00645a08d2d6875f2867244acbb57283	5864566	112	2.5079408
00645a08d2d6875f2867244acbb57283	4172919	112	2.5030563
00645a08d2d6875f2867244acbb57283	2502658	112	2.4990892
00645a08d2d6875f2867244acbb57283	2486050	112	2.4952486
00645a08d2d6875f2867244acbb57283	507163	112	2.4930487
00645a08d2d6875f2867244acbb57283	6139047	112	2.4925225
00645a08d2d6875f2867244acbb57283	2110075	112	2.485678
00645a08d2d6875f2867244acbb57283	3166615	112	2.4842985
00645a08d2d6875f2867244acbb57283	6749943	102	2.4755774
00645a08d2d6875f2867244acbb57283	1926457	112	2.474975
00645a08d2d6875f2867244acbb57283	505326	112	2.4708261
00645a08d2d6875f2867244acbb57283	2512852	112	2.4682815
00645a08d2d6875f2867244acbb57283	5197246	112	2.465549
00645a08d2d6875f2867244acbb57283	2016205	112	2.4571733
00645a08d2d6875f2867244acbb57283	503990	112	2.4569504
00645a08d2d6875f2867244acbb57283	6005464	112	2.4459968
00645a08d2d6875f2867244acbb57283	8990542	112	2.4386086
00645a08d2d6875f2867244acbb57283	505760	112	2.437094
00645a08d2d6875f2867244acbb57283	506276	112	2.4232004
00645a08d2d6875f2867244acbb57283	5723524	112	2.4177186
00645a08d2d6875f2867244acbb57283	503936	112	2.414363
00645a08d2d6875f2867244acbb57283	506361	112	2.4072254
00645a08d2d6875f2867244acbb57283	5425588	102	2.3964763
00645a08d2d6875f2867244acbb57283	2472715	112	2.386243
00645a08d2d6875f2867244acbb57283	561374	112	2.3829181
00645a08d2d6875f2867244acbb57283	4121348	112	2.3682287
00645a08d2d6875f2867244acbb57283	2130268	112	2.3662841
00645a08d2d6875f2867244acbb57283	2096302	112	2.364749
00645a08d2d6875f2867244acbb57283	1943503	112	2.3553455
00645a08d2d6875f2867244acbb57283	5163321	112	2.3536372
00645a08d2d6875f2867244acbb57283	2264470	112	2.3501332
00645a08d2d6875f2867244acbb57283	3174547	112	2.3492618
00645a08d2d6875f2867244acbb57283	2118085	112	2.3487515
00645a08d2d6875f2867244acbb57283	2444938	112	2.3485174
00645a08d2d6875f2867244acbb57283	2687803	112	2.321928
00645a08d2d6875f2867244acbb57283	5992678	112	2.321928
00645a08d2d6875f2867244acbb57283	4114603	112	2.321928
00645a08d2d6875f2867244acbb57283	2120749	112	2.321928
00645a08d2d6875f2867244acbb57283	3132841	112	2.321928
00645a08d2d6875f2867244acbb57283	4128280	112	2.321928
00645a08d2d6875f2867244acbb57283	1906069	112	2.321928
00645a08d2d6875f2867244acbb57283	6056877	112	2.321928
006c878901ded2fc1e124fd882eaa622	8925905	110	2.5556493
006c878901ded2fc1e124fd882eaa622	4123519	118	2.3346295
006c878901ded2fc1e124fd882eaa622	9041211	110	2.3316565
006c878901ded2fc1e124fd882eaa622	3704647	110	1.9478283
006c878901ded2fc1e124fd882eaa622	8077616	115	1.3282831
006c878901ded2fc1e124fd882eaa622	8977159	110	1.298561
006c878901ded2fc1e124fd882eaa622	4209136	110	1.1152809
006c878901ded2fc1e124fd882eaa622	2886382	112	1.1129289
006c878901ded2fc1e124fd882eaa622	4300110	112	1.0817887
006c878901ded2fc1e124fd882eaa622	2578252	112	1.0562383
006c878901ded2fc1e124fd882eaa622	3507277	112	1.0304819
006c878901ded2fc1e124fd882eaa622	538543	112	0.95829594
006c878901ded2fc1e124fd882eaa622	6062079	118	0.9340193
006c878901ded2fc1e124fd882eaa622	5293958	118	0.9340193
006c878901ded2fc1e124fd882eaa622	538301	112	0.92085606
006c878901ded2fc1e124fd882eaa622	3698776	110	0.9017022
006c878901ded2fc1e124fd882eaa622	2307418	112	0.88645726
006c878901ded2fc1e124fd882eaa622	4544410	110	0.8443592
006c878901ded2fc1e124fd882eaa622	2111428	112	0.84272265
006c878901ded2fc1e124fd882eaa622	4744514	112	0.84057534
006c878901ded2fc1e124fd882eaa622	5254120	110	0.8351362
006c878901ded2fc1e124fd882eaa622	2541115	118	0.83375627
006c878901ded2fc1e124fd882eaa622	9863654	118	0.8249443
006c878901ded2fc1e124fd882eaa622	4300989	112	0.8043049
006c878901ded2fc1e124fd882eaa622	5492634	110	0.8036677
006c878901ded2fc1e124fd882eaa622	538859	112	0.7993836
006c878901ded2fc1e124fd882eaa622	3212692	110	0.798485
006c878901ded2fc1e124fd882eaa622	3284326	110	0.7960396
006c878901ded2fc1e124fd882eaa622	5344958	118	0.78196573
006c878901ded2fc1e124fd882eaa622	1967311	112	0.77509177
006c878901ded2fc1e124fd882eaa622	5264054	112	0.7678317
006c878901ded2fc1e124fd882eaa622	4220317	110	0.7676967
006c878901ded2fc1e124fd882eaa622	4120368	110	0.7676967
006c878901ded2fc1e124fd882eaa622	4202095	110	0.7676967
006c878901ded2fc1e124fd882eaa622	2729254	110	0.75571203
006c878901ded2fc1e124fd882eaa622	538544	112	0.7526425
006c878901ded2fc1e124fd882eaa622	6438995	110	0.7426687
006c878901ded2fc1e124fd882eaa622	4506121	110	0.7208649
006c878901ded2fc1e124fd882eaa622	5160229	112	0.7072966
006c878901ded2fc1e124fd882eaa622	3588877	110	0.70215476
006c878901ded2fc1e124fd882eaa622	4226763	110	0.68150043
006c878901ded2fc1e124fd882eaa622	2859766	110	0.6776301
006c878901ded2fc1e124fd882eaa622	3219391	110	0.6742507
006c878901ded2fc1e124fd882eaa622	3900001	110	0.66363823
006c878901ded2fc1e124fd882eaa622	4565169	110	0.6502716
006c878901ded2fc1e124fd882eaa622	3219397	110	0.6453372
006c878901ded2fc1e124fd882eaa622	2825410	110	0.6399215
006c878901ded2fc1e124fd882eaa622	5207375	110	0.62821764
006c878901ded2fc1e124fd882eaa622	3058270	110	0.6261659
006c878901ded2fc1e124fd882eaa622	5138071	110	0.61930937
006c878901ded2fc1e124fd882eaa622	5921601	112	0.61429405
006c878901ded2fc1e124fd882eaa622	3509014	110	0.603235
006c878901ded2fc1e124fd882eaa622	2086570	118	0.60214204
006c878901ded2fc1e124fd882eaa622	5603455	118	0.59385896
006c878901ded2fc1e124fd882eaa622	5296212	110	0.58578247
006c878901ded2fc1e124fd882eaa622	3566416	110	0.5810883
006c878901ded2fc1e124fd882eaa622	2070328	110	0.575469
006c878901ded2fc1e124fd882eaa622	3376600	110	0.56399214
006c878901ded2fc1e124fd882eaa622	5135287	110	0.5635072
006c878901ded2fc1e124fd882eaa622	4269229	110	0.56207806
006c878901ded2fc1e124fd882eaa622	5526737	110	0.56192607
006c878901ded2fc1e124fd882eaa622	5421740	110	0.5545594
006c878901ded2fc1e124fd882eaa622	6245110	110	0.5397816
006c878901ded2fc1e124fd882eaa622	3566422	110	0.5382173
006c878901ded2fc1e124fd882eaa622	6101665	110	0.53206086
006c878901ded2fc1e124fd882eaa622	3128287	110	0.52591103
006c878901ded2fc1e124fd882eaa622	2644261	112	0.519531
006c878901ded2fc1e124fd882eaa622	5619043	112	0.515259
006c878901ded2fc1e124fd882eaa622	3650527	110	0.5143174
006c878901ded2fc1e124fd882eaa622	5450058	110	0.47838655
006c878901ded2fc1e124fd882eaa622	2952907	110	0.47079104
006c878901ded2fc1e124fd882eaa622	563898	110	0.47018594
006c878901ded2fc1e124fd882eaa622	5859598	110	0.46019477
006c878901ded2fc1e124fd882eaa622	1963465	118	0.4379687
006c878901ded2fc1e124fd882eaa622	2889148	110	0.4336482
006c878901ded2fc1e124fd882eaa622	538174	118	0.42705172
006c878901ded2fc1e124fd882eaa622	5647937	118	0.41406754
006c878901ded2fc1e124fd882eaa622	4268343	110	0.40573302
006c878901ded2fc1e124fd882eaa622	8061007	118	0.3977785
006c878901ded2fc1e124fd882eaa622	5268862	110	0.3930212
006c878901ded2fc1e124fd882eaa622	5740653	110	0.38995144
006c878901ded2fc1e124fd882eaa622	4500151	118	0.38852394
006c878901ded2fc1e124fd882eaa622	5704715	110	0.3873615
006c878901ded2fc1e124fd882eaa622	4270213	110	0.3814612
006c878901ded2fc1e124fd882eaa622	5385291	110	0.37542996
006c878901ded2fc1e124fd882eaa622	6313267	112	0.37440372
006c878901ded2fc1e124fd882eaa622	1932700	110	0.37281424
006c878901ded2fc1e124fd882eaa622	2059282	110	0.36327457
006c878901ded2fc1e124fd882eaa622	8076555	110	0.35881984
006c878901ded2fc1e124fd882eaa622	6245110	110	0.35826543
006c878901ded2fc1e124fd882eaa622	2729008	112	0.34252018
006c878901ded2fc1e124fd882eaa622	4956252	110	0.3346506
006c878901ded2fc1e124fd882eaa622	4128342	110	0.3323798
006c878901ded2fc1e124fd882eaa622	3299359	112	0.33235133
006c878901ded2fc1e124fd882eaa622	4735318	118	0.32718486
006c878901ded2fc1e124fd882eaa622	5196523	118	0.3199325
006c878901ded2fc1e124fd882eaa622	3674950	110	0.31976587
006c878901ded2fc1e124fd882eaa622	2094067	112	0.31876191
006c878901ded2fc1e124fd882eaa622	2398201	112	0.31776407
006c878901ded2fc1e124fd882eaa622	8992247	110	0.31630218